0*-0.006093166|0.9956373|0.0831468|0.04190386#0.1736421|0.9652973|-0.1950115|-0.00449035
1*-0.0008253283|0.933427|0.3587449|-0.003932689#0.4765376|0.8430885|-0.2152376|0.1256445
2*-0.003920812|0.9999753|-0.0008465156|-0.005768654#0.4760739|0.8341137|-0.2469014|0.1290262
3*-0.01523332|0.9867615|-0.1613195|-0.006770886#-0.1188463|0.9107112|-0.005639188|0.3955361
4*0.8727298|-0.4870853|-0.01805255|0.02765181#0.7215552|-0.6095785|0.3237598|0.05432982
5*0.6988965|-0.5323409|0.2895635|0.3798814#0.6199965|-0.4715641|0.5618111|0.2785674
6*0.6647335|-0.5791402|0.3310427|0.336358#0.4812189|0.356884|0.6408107|-0.4800249
7*-0.612433|0.6346745|-0.322083|-0.3440589#0.4669442|0.3759543|0.6511222|-0.465469
8*0.8738077|0.4857016|0.007980612|0.02214565#0.9715725|0.1934704|-0.1360743|-0.009989278
9*0.7677908|0.6406437|0.00605193|0.006035592#-0.3830874|0.8652747|-0.0164105|-0.3229154
10*0.7463731|0.66528|-0.01054818|-0.01478184#0.4064032|-0.1945633|0.8432762|-0.2930304
11*0.7004184|0.7124771|0.03305209|0.02642085#0.4047652|-0.1739665|0.8508477|-0.2862847
12*0.9246875|-0.3691663|0.007520309|-0.092805#0.7074105|-0.6793532|0.1043024|0.164835
13*0.9969551|-0.0410347|0.06535085|-0.01122036#0.8921757|-0.4502603|0.02679426|-0.02387629
14*0.9875491|-0.1265481|0.05250575|0.07730168#0.8904557|-0.4498903|0.04196814|-0.05409263
15*0.8804163|-0.1486788|0.07655019|-0.4437361#0.8451366|-0.2542189|0.2893253|-0.3706855
16*0.9228125|0.3738286|0.06967975|-0.06175804#0.9766179|0.09037641|-0.05639163|0.1867337
17*0.9954827|0.04870499|-0.06881887|-0.04365816#-0.3519356|-0.2182171|-0.6825064|0.6022522
18*0.9331586|0.3445911|0.007286071|0.1020737#-0.3702029|-0.1937777|-0.672056|0.6113434
19*0.8355346|0.3620803|-0.1388631|-0.3892259#0.5919052|-0.2225894|0.6329308|-0.4466552
